105
Sigma:     a     b     c     d     e
------------------------------------
    0:     1     2     3     4     5
    1:     1     1     1     1     1
    2:     6     7     8     9    10
    3:    11    12    13    14    15
    4:     6     1    16    17    18
    5:    11    19    20    21    15
    6:    22    23    24    25    26
    7:    11    27    20    21    15
    8:    11    28    29    30    31
    9:    22    32    33    25    34
   10:    22    23    35    25    34
   11:    22    23    33    25    34
   12:    36    37    38    39    40
   13:    22    23    24    25    26
   14:    41    37    42    39    43
   15:    44    45    46    47    48
   16:    49     5     0    50    51
   17:    52    53    54    55    56
   18:    57    58    38    59    60
   19:    36    37    38    61    40
   20:    22    23    24    25    26
   21:    41    37    62    63    43
   22:    22    64    35    65    34
   23:    22    66    33    65    34
   24:    22    64    67    65    26
   25:    22    68    35    25    34
   26:    22    64    35    65    34
   27:    22    23    24    25    26
   28:    69    70    71    39    72
   29:    22    32    24    25    26
   30:    22    32    35    25    34
   31:    22    23    33    65    34
   32:    22    66    35    65    34
   33:    22    64    67    65    26
   34:    22    64    35    65    34
   35:    22    68    67    65    26
   36:    22    23    35    25    34
   37:    22    32    24    25    26
   38:    22    23    67    65    26
   39:    22    32    35    25    34
   40:    22    23    35    65    34
   41:    22    23    35    65    34
   42:    22    32    67    65    26
   43:    22    23    35    25    34
   44:    73     6    74    75    76
   45:    77    78    79    80    81
   46:    11    82    83    30    60
   47:    22    32    35    25    34
   48:    22    23    33    65    34
   49:    84    85    74    86    87
   50:    22    23    33    25    34
   51:    22    23    33    25    34
   52:    22    23    24    65    26
   53:    22    23    67    25    26
   54:    11    12    88    89    51
   55:    57    90    91    59    92
   56:    93    58    38    59    94
   57:    22    23    33    65    34
   58:    22    23    24    25    26
   59:    22    32    35    25    34
   60:    22    23    24    65    26
   61:    22    32    35    25    34
   62:    95    96    97    98    40
   63:    22    32    35    25    34
   64:    22    66    33    65    34
   65:    22    68    35    25    34
   66:    22    66    35    65    34
   67:    22    68    67    65    26
   68:    22    66    35    65    34
   69:    22    23    35    65    34
   70:    22    32    33    25    34
   71:    22    99    67    65    26
   72:    22    23    35    65    34
   73:    22    23    67    65    26
   74:    36    37    97    98    40
   75:    22    32    33    25    34
   76:    22    23    35    65    34
   77:    22    23    35    65    34
   78:    22    23    33    25    34
   79:    22   100    67    65    26
   80:    22    32    67    25    26
   81:    22    23    67    25    26
   82:    69    70   101    39    72
   83:    22    23    24    25    26
   84:    22    23    67    25    26
   85:    22    32    24    25    26
   86:   102   103   101   104    72
   87:    22    23    35    25    34
   88:    22    32    24    25    26
   89:    22    23    35    25    34
   90:    22    23    67    25    26
   91:    22    23    67    65    26
   92:    22    23    24    65    26
   93:    22    23    35    65    34
   94:    22    23    24    65    26
   95:    22    23    35    25    34
   96:    22    32    67    25    26
   97:    22    32    67    65    26
   98:    22    32    35    25    34
   99:    22    66    35    65    34
  100:    22    66    33    65    34
  101:    22   100    67    65    26
  102:    22    23    35    65    34
  103:    22    32    35    25    34
  104:    22    32    35    25    34
------------------------------------
0: Initial State
3,5,6,7,8,9,10,11,12,13,14,17,18,19,20,21,22,23,24,25,26,27,28,29,30,31,32,33,34,35,36,37,38,39,40,41,42,43,44,45,46,47,48,49,50,51,52,53,54,55,56,57,58,59,60,61,62,63,64,65,66,67,68,69,70,71,72,73,74,75,76,77,78,79,80,81,82,83,84,85,86,87,88,89,90,91,92,93,94,95,96,97,98,99,100,101,102,103,104: Accepting State(s)

